1000
8 947 429 160 433 4 557 667 591
12 722 574 297 688 287 525 146 659 627 685 10 236
13 251 255 677 131 717 851 843 940 349 392 893 442 745
8 169 469 226 176 4 106 791 251
20 0 3 210 181 981 237 956 535 499 434 84 453 308 515 773 254 118 399 879 642
8 605 711 563 102 71 788 640 264
10 344 536 152 558 287 106 686 516 894 132
6 464 908 437 852 164 806
11 135 623 824 101 255 118 431 157 301 893 925
14 803 384 395 27 178 80 150 910 620 989 189 896 901 547
11 1 660 608 993 776 946 860 583 528 536 662
11 487 592 550 776 380 940 356 392 20 483 978
7 358 905 737 605 610 998 816
11 69 415 603 24 311 519 781 200 979 266 739
10 653 91 295 840 116 312 737 813 774 589
9 312 306 961 118 741 812 320 336 697
8 992 920 97 973 30 718 252 148
12 332 167 550 42 969 126 948 72 733 927 848 931
15 253 233 275 97 716 794 559 230 178 109 241 301 231 685 303
9 76 653 58 393 719 438 766 415 876
18 11 326 418 486 850 21 379 194 327 823 316 82 611 251 619 851 706 767
10 20 524 320 512 880 793 309 114 915 252
13 741 736 807 882 535 325 105 577 119 347 285 31 840
8 575 344 819 317 183 812 612 606
9 13 110 377 609 351 440 785 478 735
3 759 889 122
13 341 376 548 803 597 998 212 121 460 684 908 439 486
13 9 779 821 661 657 770 135 591 130 722 977 705 699
7 477 117 579 317 970 721 542
7 550 959 250 141 418 138 87
11 16 695 371 385 390 515 715 295 291 623 757
9 22 450 884 235 971 119 204 212 440
11 33 239 880 286 815 326 748 112 327 770 185
9 32 769 356 531 872 79 466 464 645
6 265 366 38 561 913 809
14 997 415 679 637 592 565 50 638 40 632 140 834 747 416
13 283 833 38 114 110 613 558 705 88 537 646 814 852
8 124 728 459 845 688 795 934 59
20 34 36 181 820 223 437 748 312 850 254 572 795 210 979 847 520 317 852 644 296
10 211 173 826 92 849 662 501 791 438 589
9 35 537 659 464 359 902 759 911 68
11 170 601 228 404 419 151 759 445 654 699 793
11 17 902 955 114 788 659 989 100 950 609 272
9 182 621 441 477 522 958 450 551 458
9 887 53 608 709 990 557 566 443 237
12 647 462 271 182 963 985 387 643 183 621 677 945
15 958 193 915 153 241 366 375 339 204 238 189 669 943 326 468
13 269 295 770 240 807 867 141 558 919 381 261 675 591
6 788 354 965 689 468 173
12 888 701 164 208 338 305 988 677 622 142 236 199
11 35 59 553 436 276 190 677 159 418 886 981
11 414 681 906 301 457 867 196 501 73 540 527
12 478 747 106 266 91 992 718 361 61 165 716 606
9 44 491 404 744 772 274 79 996 708
9 735 74 554 843 441 560 551 887 840
10 803 340 673 225 605 168 461 830 905 644
9 461 159 81 677 859 752 764 385 90
10 891 765 730 362 707 662 326 448 741 562
9 19 540 679 525 378 221 309 962 235
10 37 50 373 868 92 641 873 407 190 504
6 990 594 501 971 708 175
13 52 528 699 907 331 860 534 758 295 829 508 306 723
9 834 735 375 364 385 701 791 544 354
6 436 582 491 830 810 98
12 718 298 382 647 756 414 312 379 448 265 522 524
14 101 475 938 147 993 221 754 489 925 688 627 766 317 572
6 313 827 608 929 217 802
12 260 439 683 617 958 161 783 776 478 886 283 70
6 40 347 108 731 504 292
14 13 791 331 730 128 326 655 301 265 447 670 629 248 457
10 67 101 431 963 568 439 107 100 688 877
13 5 745 578 535 737 865 466 970 309 364 615 84 716
15 17 167 519 870 561 245 860 465 822 381 111 898 148 156 716
11 51 390 603 595 591 537 124 656 302 355 793
15 54 470 671 989 97 419 694 511 819 890 313 199 831 774 80
8 671 496 863 728 927 811 672 666
9 19 741 235 980 760 253 717 903 185
8 653 293 605 395 683 663 561 789
5 810 661 98 694 87
15 33 53 796 822 932 454 504 131 682 144 178 404 407 133 223
9 9 74 747 158 778 655 316 487 538
9 56 861 699 999 896 960 368 540 524
6 20 397 628 592 201 171
9 968 971 228 411 336 626 893 842 753
7 4 71 289 829 538 186 316
13 210 661 980 240 559 339 91 344 804 713 263 326 147
12 403 184 724 625 954 836 309 423 848 877 122 284
14 29 78 725 179 854 488 652 205 966 912 634 589 815 738
11 36 726 335 762 429 736 999 313 515 133 232
7 938 803 374 401 404 690 207
11 56 426 898 884 614 706 365 668 366 655 972
10 14 52 85 794 206 150 424 432 461 347
12 39 59 930 593 739 448 180 950 633 532 916 989
6 257 201 525 910 307 164
8 847 718 719 138 383 315 202 634
6 855 849 514 704 964 113
10 529 341 630 206 918 996 402 156 709 381
15 16 18 74 656 813 692 632 261 170 163 235 370 866 649 910
6 63 78 856 412 286 283
9 529 690 791 332 477 960 181 213 717
9 42 70 160 925 720 692 345 179 873
13 8 65 70 870 477 341 230 312 628 523 794 619 113
10 5 853 524 692 937 476 954 768 289 658
12 553 883 685 147 497 755 999 786 602 576 756 293
9 789 488 444 242 794 163 932 878 389
8 22 950 526 432 376 429 906 339
16 3 6 52 709 336 358 497 868 770 987 643 560 257 661 850 781
7 70 444 294 925 718 122 686
7 68 565 679 111 398 525 174
13 18 557 205 764 649 689 376 950 696 641 872 440 802
11 24 36 904 804 853 199 498 161 245 571 736
10 72 108 358 311 684 183 857 906 307 617
6 32 597 217 913 973 536
14 95 101 553 347 935 736 301 189 892 379 947 432 783 890
11 21 36 42 543 362 155 812 448 931 498 471
11 920 700 283 389 362 726 301 417 996 992 485
7 14 695 545 482 662 270 628
13 28 761 288 303 752 685 957 602 380 216 764 800 177
17 4 8 15 349 123 440 352 652 305 360 603 782 331 939 990 707 502
12 22 31 656 361 524 434 174 595 963 962 354 274
11 615 920 989 828 893 550 584 796 310 132 157
9 26 351 630 712 745 168 993 559 888
12 25 86 107 839 889 126 310 290 921 203 980 985
8 118 764 823 660 961 325 593 939
19 37 73 843 299 282 949 612 825 390 756 623 259 452 440 364 795 363 334 553
5 914 476 454 775 426
11 17 122 937 590 259 902 243 930 510 990 580
6 682 836 554 427 988 670
12 69 877 994 210 833 349 867 596 265 228 457 875
13 858 152 341 490 342 568 225 677 186 523 663 208 237
4 27 728 279 509
13 2 79 191 531 327 908 418 451 899 604 677 848 406
10 6 120 737 270 383 683 698 842 146 375
15 79 88 435 305 762 663 832 921 649 233 487 471 401 889 929
9 944 525 193 691 730 964 865 491 474
6 8 27 722 757 822 579
8 556 514 277 833 618 270 292 988
11 587 576 586 631 794 486 915 617 686 441 412
12 29 94 919 750 325 431 779 984 479 256 292 710
8 983 596 469 351 490 441 795 758
12 35 792 595 290 601 715 561 735 927 152 245 621
9 29 47 194 576 368 809 944 322 733
12 49 304 684 411 748 624 928 982 898 993 558 722
8 234 190 884 195 891 991 851 304
8 79 996 544 272 359 753 598 917
9 404 559 697 936 433 158 851 850 547
8 1 132 383 821 398 665 187 214
10 65 85 103 230 517 580 608 721 929 621
9 16 72 721 547 276 957 513 285 260
5 531 919 620 389 376
10 9 91 825 352 412 782 195 799 473 429
11 41 953 355 267 232 324 724 539 697 369 256
15 6 129 140 449 490 201 323 871 566 575 326 294 976 354 891
7 46 603 956 482 887 267 301
10 783 656 571 671 850 805 339 625 194 475
11 114 816 641 465 384 692 658 254 704 883 305
15 72 96 890 190 619 578 183 446 276 661 697 405 452 802 368
11 8 120 670 345 254 485 432 332 224 826 833
5 80 145 918 811 717
10 50 56 984 698 766 791 787 445 473 474
11 0 100 797 320 610 293 324 760 654 925 776
12 67 110 402 264 813 931 502 818 465 295 747 894
10 866 176 957 815 728 187 419 519 712 487
8 97 104 188 952 593 588 266 610
14 7 49 93 892 768 543 847 752 478 202 235 861 594 718
11 52 879 617 326 446 320 991 692 201 269 382
10 880 316 429 373 387 517 879 642 973 910
7 17 72 632 862 443 727 745
6 55 121 813 524 642 389
7 3 411 852 455 427 476 910
5 41 97 381 527 229
10 82 883 458 399 856 384 410 717 459 472
8 274 715 442 196 484 379 790 892
9 39 48 799 540 676 854 297 688 550
7 108 119 804 268 972 401 979
12 60 540 209 238 202 494 402 189 177 940 199 667
9 3 162 348 379 196 504 436 975 510
9 117 175 436 999 985 641 322 218 319
12 9 18 79 485 923 306 984 228 667 205 565 315
10 87 100 291 624 242 689 548 292 275 482
7 92 891 920 908 469 285 746
14 4 38 99 695 203 225 838 690 266 356 183 308 276 522
10 43 45 355 381 954 445 562 781 677 256
16 23 45 111 156 181 881 419 526 848 810 277 977 487 518 619 296
7 86 647 813 401 650 988 483
10 32 76 583 517 390 872 214 711 520 904
9 84 129 606 897 599 512 604 912 540
7 146 162 265 806 863 225 244
13 163 637 558 940 473 441 915 481 660 835 698 342 680
12 9 46 113 175 839 906 519 363 915 700 991 571
14 50 59 143 156 902 866 696 611 883 879 584 367 380 304
5 131 476 754 458 775
15 925 428 573 880 728 524 576 505 680 558 722 930 378 981 339
7 46 134 844 285 697 469 386
9 20 141 154 237 422 319 438 329 337
9 143 150 674 656 485 375 893 969 601
13 51 172 176 594 668 867 995 674 890 651 547 636 287
5 628 782 759 945 870
9 411 480 789 929 794 331 397 461 237
12 49 74 110 175 373 940 520 208 352 745 357 794
5 13 869 739 433 707
16 82 93 152 165 985 444 948 392 620 581 404 736 907 998 559 583
12 94 164 175 297 860 456 227 790 836 578 986 532
13 122 181 379 501 322 384 290 250 489 479 423 801 776
7 31 46 496 835 964 338 595
12 87 109 178 783 237 546 764 607 253 482 613 615
9 91 96 321 993 345 775 718 500 370
6 89 294 370 840 798 796
10 49 129 199 388 815 982 380 374 345 477
4 175 715 458 638
15 4 38 85 128 563 550 826 994 652 893 340 980 741 304 290
10 39 307 570 721 954 301 705 431 818 236
12 26 31 301 469 937 419 994 977 382 817 926 884
12 99 733 524 902 656 868 696 425 730 301 277 558
17 146 185 865 866 798 959 835 571 344 927 876 279 824 915 945 423 692
14 496 284 432 606 244 631 868 671 520 376 423 255 525 555
13 117 226 912 748 572 443 952 428 352 751 776 767 980
7 66 112 721 516 429 306 901
8 177 694 840 924 232 278 650 896
9 601 407 442 435 682 650 958 635 759
8 676 781 477 863 831 500 749 535
8 58 65 238 260 671 530 597 362
9 357 916 920 354 401 254 794 871 700
11 38 79 692 326 425 564 715 545 269 984 664
6 157 905 745 359 738 537
14 55 129 181 187 848 603 969 283 410 459 785 285 754 663
4 3 216 920 601
8 202 561 284 988 246 505 531 948
10 41 83 128 178 882 683 572 582 282 492
12 170 845 354 886 474 896 716 900 903 231 906 552
6 18 101 147 592 542 831
11 18 229 612 840 875 967 445 982 458 880 550
9 88 151 218 620 233 516 712 984 757
13 18 133 232 740 868 591 551 378 656 742 418 366 519
11 143 675 446 523 370 845 841 289 552 567 681
16 31 58 76 97 164 682 318 807 430 937 332 349 683 450 240 914
12 1 49 211 578 556 530 753 646 416 895 828 747
18 4 44 129 194 198 205 453 291 260 388 335 360 368 407 730 709 311 659
10 46 175 221 874 436 553 489 997 364 429
10 32 662 414 486 274 299 999 702 695 480
5 47 85 235 713 776
11 18 46 621 258 335 658 962 792 883 717 659
7 104 179 531 710 694 553 503
11 126 958 703 858 270 323 710 435 575 356 427
6 187 215 838 412 566 665
8 72 110 140 727 651 547 975 306
4 227 564 703 391
4 412 267 972 857
11 69 840 635 611 860 661 380 347 625 718 382
9 684 730 751 319 782 648 282 574 303
9 29 203 837 815 849 495 749 403 867
8 2 3 20 902 567 898 351 454
8 16 21 995 813 708 635 902 915
13 18 76 205 994 610 781 551 978 753 750 326 304 910
10 4 38 155 157 222 366 349 331 512 382
11 2 8 215 390 367 768 623 985 729 436 520
11 138 151 182 418 956 715 450 948 701 664 510
8 93 106 355 559 564 965 273 757
10 241 576 763 885 828 423 582 299 726 907
10 124 126 741 941 607 486 445 586 526 637
11 67 148 221 237 909 815 896 791 295 452 958
14 47 97 652 423 583 805 916 361 332 480 437 626 696 425
5 345 706 394 806 984
9 85 362 564 418 634 478 835 582 983
12 5 161 465 615 885 944 710 473 322 640 623 621
15 34 64 69 128 187 667 316 980 751 673 920 313 606 877 933
10 13 52 163 181 967 854 935 580 652 898
11 151 153 247 446 660 382 888 557 458 586 824
9 174 636 404 398 874 609 661 735 650
12 47 165 223 377 369 427 702 435 674 550 819 467
8 116 132 136 243 548 802 783 766
9 45 980 816 784 375 319 670 972 497
9 42 144 683 831 287 701 363 529 918
6 257 381 359 951 876 731
8 53 119 172 239 977 562 601 626
11 18 179 324 552 579 757 612 704 576 314 620
10 50 148 156 181 743 830 722 590 569 659
6 136 183 213 529 781 877
6 218 279 947 682 454 798
12 130 214 278 602 816 360 436 445 608 954 536 452
8 929 856 573 782 951 462 614 605
3 499 496 585
9 124 228 249 470 711 422 758 810 494
15 36 67 98 115 225 367 498 495 886 469 618 286 329 717 609
8 86 215 227 917 502 658 518 820
13 22 148 180 193 225 691 605 646 560 740 526 420 970
12 32 98 283 685 299 747 963 304 557 548 610 779
16 1 6 196 272 697 466 305 433 786 850 337 462 871 402 609 641
6 117 783 940 889 850 593
9 84 102 234 484 314 624 363 361 846
7 122 140 203 210 918 808 351
12 30 179 237 732 756 823 995 409 780 735 685 777
9 68 136 138 179 423 755 941 362 666
11 77 103 160 968 482 603 729 361 872 798 423
6 107 152 207 395 523 747
15 14 30 47 61 161 260 358 752 739 690 667 378 734 794 935
9 38 183 775 687 497 376 746 521 452
12 1 173 202 800 485 514 981 534 462 299 923 827
3 64 678 413
12 124 239 258 286 297 776 989 398 928 663 486 326
4 961 594 697 857
16 8 18 51 69 113 115 153 211 212 213 796 363 590 416 979 779
9 73 814 410 824 427 743 483 696 337
11 18 117 249 749 305 605 852 811 714 409 966
12 142 143 190 210 253 286 668 907 996 411 788 460
12 49 118 133 155 287 303 703 688 470 352 715 765
15 15 61 178 217 245 491 607 749 703 744 958 507 978 614 917
12 93 111 211 390 765 946 691 661 711 603 421 926
9 4 181 505 643 740 371 342 536 773
10 21 58 71 86 852 413 746 992 365 573
8 120 122 437 375 582 420 755 943
8 13 111 237 907 633 509 814 815
9 14 15 38 64 101 736 372 383 555
14 66 74 88 265 472 320 382 802 858 316 869 466 685 706
10 275 289 614 780 736 328 895 989 332 917
11 94 178 681 502 553 990 437 643 842 682 594
13 20 80 84 166 265 313 995 542 625 377 801 763 469
16 23 28 38 65 337 410 722 496 862 840 608 320 612 887 504 573
5 235 887 513 414 969
11 177 194 249 271 613 994 377 960 989 849 658
9 15 21 160 165 313 317 413 662 539
3 206 792 816
10 141 177 203 264 596 499 788 330 943 797
10 152 243 836 976 939 908 326 801 357 970
8 151 160 275 841 390 429 412 813
8 22 123 138 837 490 648 815 899
18 20 32 46 57 69 85 152 165 223 253 299 323 462 422 931 981 538 615
5 20 32 131 334 575
3 314 968 837
10 194 283 873 504 353 461 449 651 945 433
6 322 674 353 463 540 909
9 61 69 118 198 254 811 894 595 733
12 17 99 157 235 261 314 436 486 480 621 666 846
4 960 586 534 782
10 124 327 384 712 576 629 744 953 534 420
13 88 237 241 692 442 609 392 895 899 789 572 972 381
7 15 83 106 733 736 863 696
17 194 287 302 317 818 893 849 604 838 657 946 802 770 924 508 772 674
6 49 204 955 868 475 392
11 46 85 105 154 192 830 726 662 365 876 576
11 55 210 988 584 929 528 709 744 779 677 976
8 26 96 101 129 794 550 805 611
9 129 188 308 573 918 612 854 766 741
6 919 814 478 616 479 749
7 6 23 85 214 978 699 676
12 100 157 206 208 262 826 531 906 582 917 984 749
7 521 656 535 794 484 675 942
8 22 68 91 113 248 920 628 786
7 176 505 940 489 822 581 893
9 2 118 128 235 254 932 446 671 679
7 535 837 839 473 668 559 624
15 24 121 139 251 290 928 376 577 370 949 842 698 852 894 892
10 118 150 199 216 305 557 435 903 938 685
5 329 330 734 689 387
16 48 62 119 152 222 229 993 562 519 799 931 488 613 921 795 954
15 73 151 182 257 644 964 464 844 472 497 479 506 978 759 830
10 11 33 181 243 359 389 360 576 811 514
12 199 222 323 623 990 585 774 704 647 725 700 762
11 12 106 111 295 617 482 997 971 836 490 883
10 40 144 224 273 356 516 694 639 376 511
13 118 237 279 356 641 814 762 454 797 623 388 472 631
10 52 119 261 289 293 832 467 669 512 414
11 57 114 115 221 263 292 951 407 921 688 768
11 124 189 272 289 301 714 562 952 960 379 906
12 62 71 124 238 821 479 515 411 952 808 734 910
15 90 309 339 468 722 465 815 787 877 441 408 538 626 492 369
9 34 46 90 233 254 963 446 976 643
6 190 255 283 495 734 558
9 81 141 156 237 681 789 911 557 426
10 151 269 365 730 430 548 738 624 918 837
12 97 206 207 234 351 957 975 728 561 517 408 839
14 30 308 806 456 388 468 953 630 479 919 458 601 622 949
7 312 731 389 710 451 758 808
10 59 166 199 961 833 987 499 899 445 984
5 89 208 866 931 560
16 46 62 132 195 271 310 668 546 805 530 877 396 788 521 965 482
13 26 105 109 149 215 296 351 359 905 899 407 878 969
10 24 269 316 319 525 992 826 469 691 424
11 58 192 233 295 585 682 628 456 493 807 993
12 20 64 113 172 176 203 363 626 894 420 794 813
13 11 117 190 208 248 985 474 915 489 703 459 677 408
9 47 72 96 170 182 273 335 505 937
13 64 165 212 248 254 267 313 960 455 860 650 955 788
12 94 132 146 312 910 516 856 622 425 855 445 877
8 9 155 171 203 334 945 880 738
7 30 56 62 602 790 851 835
9 193 897 555 514 572 744 533 552 879
7 45 166 353 577 423 952 770
6 208 237 360 371 845 539
12 104 115 149 168 356 372 894 962 530 906 655 591
16 30 73 124 185 255 307 324 704 405 717 394 408 512 949 431 605
8 246 806 547 444 761 840 430 631
15 2 11 201 335 338 696 915 458 659 572 498 657 781 586 635
6 19 517 430 585 868 753
8 262 390 629 904 786 475 998 980
9 9 77 294 459 437 739 409 557 924
6 375 879 616 486 911 976
5 82 198 475 821 722
10 108 146 268 299 933 695 493 627 633 932
8 4 171 668 562 921 923 726 836
7 804 928 633 626 462 443 999
7 89 133 174 184 222 742 731
11 96 161 175 287 786 807 961 969 874 651 758
7 86 250 813 965 480 861 737
15 41 53 79 89 145 201 268 677 868 738 865 486 520 966 525
4 156 390 857 456
4 131 729 574 805
13 59 79 219 237 362 376 460 509 915 440 676 664 550
9 365 370 380 390 654 976 737 674 487
10 291 303 395 500 893 597 531 670 841 733
8 171 225 302 317 451 752 858 922
13 83 142 169 198 304 364 967 413 983 996 830 905 467
12 98 137 150 244 247 324 978 617 933 887 771 442
9 298 309 320 411 734 438 808 887 899
8 51 64 239 318 361 977 518 451
8 13 19 35 578 735 676 515 737
9 35 236 301 458 538 890 895 746 728
8 115 420 474 558 514 468 691 476
10 20 29 50 131 233 256 263 548 881 754
11 41 74 162 183 212 460 746 929 453 540 817
16 285 310 334 379 417 909 867 664 555 791 828 584 703 777 727 818
5 307 646 674 853 825
7 194 282 326 583 644 528 810
15 86 203 214 215 258 261 292 293 387 749 448 442 634 603 969
9 91 377 539 808 889 763 748 960 753
13 213 223 261 383 852 984 942 975 849 642 541 686 724
10 90 125 368 830 578 461 468 876 903 551
9 127 169 243 269 302 771 515 948 582
8 192 216 535 882 545 749 954 612
12 0 88 105 150 166 217 238 324 954 684 631 735
10 235 369 391 393 904 739 551 986 949 648
12 8 70 138 211 390 634 913 559 721 856 999 967
8 91 105 113 157 215 815 790 458
12 0 145 200 287 329 597 960 742 980 880 793 538
10 4 119 899 582 893 858 968 809 945 882
13 133 219 243 269 352 953 766 679 613 788 722 675 816
18 50 63 176 177 238 255 279 332 919 488 906 890 559 903 523 493 476 674
17 7 38 261 310 315 395 503 743 484 969 904 785 922 988 973 456 718
11 19 39 194 413 488 529 976 916 957 817 453
7 26 67 70 576 900 726 487
13 24 31 109 118 124 407 819 755 696 835 586 512 792
12 43 54 137 139 188 365 797 994 883 892 451 756
11 2 172 219 335 412 423 677 634 749 779 927
10 44 167 216 400 711 884 517 983 510 817
10 104 107 201 391 825 807 855 740 611 959
12 41 159 182 231 259 279 373 383 590 853 905 553
10 156 165 234 267 349 366 856 804 754 474
7 69 676 836 515 759 473 484
12 57 64 92 114 423 969 586 803 712 696 506 814
6 152 329 638 693 523 550
8 31 43 235 256 935 543 922 534
10 131 372 410 414 441 668 590 742 485 749
10 124 156 260 279 296 454 856 889 603 749
11 4 237 419 438 526 544 657 873 753 660 890
11 79 125 251 278 360 452 539 795 892 599 507
8 169 382 475 561 465 685 755 607
11 202 371 378 405 437 935 604 922 764 506 483
7 51 69 128 506 543 936 657
15 43 171 191 209 231 267 371 392 416 432 862 851 462 578 605
9 37 171 225 380 395 502 973 566 895
8 26 304 407 419 494 618 710 999
8 55 56 91 198 329 426 556 717
11 45 280 287 297 326 400 458 537 935 752 922
7 330 816 485 493 950 980 837
10 7 33 40 355 874 788 774 962 926 912
13 72 155 161 264 365 455 785 947 745 817 848 503 799
10 33 71 287 313 659 737 785 467 901 968
11 269 361 411 466 788 487 518 901 700 782 841
12 46 48 365 371 417 426 901 977 871 577 800 844
10 3 139 180 193 212 283 316 377 969 866
7 74 282 305 915 662 550 856
9 114 133 982 741 828 884 995 569 595
14 171 313 355 360 949 906 918 499 808 997 901 806 735 679
9 150 159 188 264 350 447 712 674 937
13 134 159 229 380 417 446 512 695 990 563 659 826 606
10 65 154 338 394 397 455 835 567 974 524
8 102 125 169 191 417 436 956 685
12 28 43 99 101 208 220 930 805 865 495 513 749
11 24 52 67 164 263 343 878 902 843 830 903
11 138 203 343 355 364 371 766 942 532 972 943
11 198 239 261 332 403 990 781 891 790 483 754
9 188 567 691 967 610 562 955 981 493
13 116 153 179 205 293 358 375 915 964 913 838 529 764
10 11 184 302 456 480 759 996 923 978 693
13 172 289 346 437 447 676 804 521 800 753 747 525 909
9 115 157 178 195 297 451 463 755 568
13 20 26 137 239 259 299 332 396 404 737 720 846 953
16 11 80 133 162 183 408 439 467 545 937 989 682 685 509 778 958
14 87 104 354 436 438 547 842 584 703 817 499 954 919 782
13 65 203 238 348 380 945 518 976 555 826 574 840 650
7 129 139 152 325 358 946 879
7 53 63 134 306 538 622 602
8 228 365 966 644 676 639 702 751
10 378 398 436 463 481 809 894 928 855 540
13 175 282 460 736 666 813 739 614 510 636 583 969 674
11 250 283 367 477 616 842 628 697 871 646 997
8 75 204 215 281 317 956 818 680
10 103 106 271 296 355 846 609 614 701 551
14 110 114 283 392 943 889 852 619 690 501 720 735 627 787
12 4 281 322 373 472 488 842 897 766 827 981 806
9 206 220 409 889 976 501 614 666 946
12 39 51 60 203 498 500 658 913 877 720 811 535
9 118 161 284 315 459 853 909 562 850
9 242 437 465 606 567 779 791 602 790
11 59 68 79 176 317 329 907 532 566 836 968
8 192 227 308 348 381 633 557 730
9 355 448 456 457 613 678 967 994 621
3 306 454 864
7 61 337 517 515 896 748 925
7 130 311 407 487 838 664 660
8 126 176 256 443 494 730 997 647
4 74 359 615 585
8 21 186 254 361 390 440 474 898
13 148 318 477 687 695 574 665 774 611 653 822 961 909
10 95 136 297 356 386 417 906 992 905 960
15 4 30 88 364 415 427 447 508 905 718 615 749 927 603 680
7 6 217 232 359 383 551 683
13 147 166 185 370 393 443 508 576 897 953 933 532 870
11 183 284 414 467 489 903 951 670 726 929 589
10 13 72 162 189 233 354 653 826 944 973
9 38 185 199 215 255 404 901 670 598
10 296 346 375 484 707 550 935 535 814 870
7 43 64 181 792 887 709 828
10 101 129 234 294 436 449 859 919 639 769
14 21 64 81 102 119 168 192 213 475 875 760 597 939 561
15 1 58 93 108 134 215 377 404 484 762 784 851 652 645 585
10 105 183 259 285 453 960 983 821 931 844
7 51 170 877 732 836 670 746
11 10 61 340 422 880 782 853 729 920 893 534
11 96 99 272 277 438 482 820 863 684 858 978
8 221 236 375 389 832 765 695 726
14 33 131 149 227 242 345 409 732 642 975 586 623 612 679
5 92 202 479 504 517
5 386 767 584 933 930
14 61 297 333 334 450 528 905 603 770 862 943 670 981 718
14 4 22 71 220 346 350 428 501 521 828 946 598 831 597
7 6 10 112 279 308 864 716
10 36 40 73 224 462 712 574 591 825 819
11 80 84 326 365 416 433 491 928 731 870 714
10 151 320 388 424 454 996 602 943 885 751
14 51 58 81 173 175 186 330 419 493 710 976 574 699 551
6 425 665 697 590 571 675
12 28 230 316 814 766 746 799 775 554 956 662 958
7 114 164 450 457 646 581 876
5 62 144 453 742 582
8 116 223 428 487 834 973 652 966
9 205 375 720 813 875 728 777 886 694
14 9 145 148 196 245 391 488 548 743 577 752 899 583 611
10 26 179 270 286 369 418 547 656 938 610
1 734
15 11 17 29 120 173 210 231 269 341 407 449 470 521 937 915
13 43 54 233 253 426 430 497 516 540 837 604 877 598
7 229 234 275 386 865 621 809
16 50 103 113 124 238 242 315 445 662 825 850 722 755 946 718 849
10 54 127 542 770 614 750 629 621 636 624
9 215 312 386 420 489 720 577 639 792
8 136 236 461 660 721 795 600 782
13 0 44 109 267 286 352 368 395 505 889 761 767 687
14 6 36 47 142 188 192 213 367 417 623 969 865 772 983
12 18 85 121 145 201 257 350 431 436 645 976 643
7 54 106 285 374 906 804 810
10 34 72 77 140 227 370 455 524 970 669
12 57 182 274 354 363 399 481 502 882 596 589 630
13 5 210 474 684 681 601 885 945 861 637 636 566 771
8 223 246 257 263 674 678 662 778
9 35 108 178 619 762 753 737 608 769
9 44 152 244 459 504 563 568 636 782
8 234 251 475 481 503 589 702 973
9 70 129 485 566 714 732 841 981 793
7 276 471 583 663 813 852 722
6 211 683 879 661 742 998
6 110 154 189 214 541 671
8 38 65 216 228 335 386 392 646
8 192 280 309 317 342 941 905 902
13 1 249 406 489 513 537 540 648 971 926 770 699 935
7 23 152 243 327 852 678 909
18 103 137 141 192 258 275 334 339 356 439 517 846 758 973 983 704 790 805
8 22 351 387 468 547 555 686 649
15 71 156 202 236 415 426 458 853 814 666 715 623 780 898 589
5 28 135 275 668 720
5 126 147 266 869 605
7 201 348 543 673 669 907 969
12 63 228 258 263 310 345 427 434 544 851 951 693
11 10 185 201 261 422 494 547 569 662 738 901
8 120 190 340 420 488 533 666 858
9 281 357 378 393 511 525 976 731 818
12 137 259 267 333 392 440 448 531 625 673 693 836
4 137 855 647 732
4 163 702 617 618
13 14 39 87 518 562 567 578 701 696 806 886 804 807
12 126 276 301 445 451 541 611 948 835 669 932 941
10 0 27 47 73 233 389 537 869 945 734
7 11 35 82 230 747 872 842
4 92 123 163 288
9 60 164 196 300 315 901 634 615 725
8 73 119 140 204 331 471 990 750
4 128 139 322 562
14 26 112 221 409 433 524 535 942 858 669 814 930 651 971
7 144 520 535 551 950 964 638
8 186 454 657 949 969 630 696 834
7 556 623 829 725 706 929 782
9 41 140 195 219 226 274 371 563 978
9 103 117 279 385 491 503 539 740 807
16 13 73 118 153 225 293 307 423 452 515 534 630 997 868 800 954
10 131 186 337 456 551 679 741 620 792 606
13 5 12 55 77 280 285 303 390 458 580 612 982 727
12 23 52 186 215 265 474 503 604 768 611 752 911
7 205 259 306 455 846 914 646
11 10 44 66 147 279 317 565 806 794 653 937
11 24 42 268 283 287 335 497 895 713 775 691
10 12 160 163 253 286 481 548 897 952 866
12 20 190 248 341 444 513 547 590 606 904 932 756
17 23 124 231 275 317 342 428 531 605 875 943 821 743 766 617 985 983
12 36 205 319 354 435 506 994 626 957 861 672 848
12 90 280 306 314 494 497 500 554 745 906 839 931
13 71 120 205 264 326 511 515 594 726 988 827 990 753
6 343 396 495 840 817 975
12 67 111 137 165 358 412 588 612 653 722 751 879
8 136 283 460 588 937 644 637 760
10 20 101 156 183 498 565 950 809 864 762
16 9 149 201 232 275 604 791 864 746 732 720 903 881 640 897 757
12 43 45 140 147 241 264 332 506 552 554 830 753
8 49 371 383 491 715 751 708 787
14 8 30 124 255 264 357 360 531 558 578 600 751 681 752
10 142 179 289 350 369 554 787 937 631 859
5 86 154 248 316 586
9 83 261 274 365 379 400 613 866 727
8 1 65 398 498 632 942 687 838
8 82 101 116 197 347 378 495 766
5 69 334 394 554 647
10 96 121 371 562 599 603 999 642 961 672
11 137 215 360 391 429 624 653 905 806 730 679
6 35 97 167 627 752 782
5 92 311 398 400 505
14 87 94 263 423 431 442 594 774 810 983 908 969 878 745
6 219 248 252 392 815 694
8 196 268 494 554 563 566 899 938
8 35 188 259 563 618 721 906 931
7 35 209 449 598 712 803 800
6 359 492 523 555 997 743
11 5 264 620 643 806 861 859 908 966 975 682
10 59 109 155 177 287 360 705 683 889 800
8 4 166 168 425 531 630 954 825
9 45 106 308 315 366 559 640 651 865
13 38 55 355 422 492 618 827 673 900 720 804 906 962
8 33 525 559 982 926 723 732 778
13 36 236 285 421 495 543 572 607 828 902 823 777 803
11 45 64 184 357 510 587 629 896 657 730 734
13 249 325 430 574 787 949 885 861 838 747 848 810 857
8 97 109 133 577 955 659 720 704
7 184 218 219 268 382 489 840
12 196 245 329 402 597 643 969 812 738 660 678 893
9 87 118 210 261 266 525 545 756 765
12 14 19 77 513 519 608 617 631 975 846 962 945
5 41 160 408 697 904
11 69 80 90 389 882 943 959 734 908 919 842
10 73 97 119 154 195 213 233 346 548 717
8 27 337 392 453 457 599 647 977
10 102 155 241 284 319 501 755 985 999 677
14 1 40 42 237 241 276 392 466 474 649 715 678 716 783
17 10 123 188 267 453 509 556 651 746 834 994 987 831 992 764 946 674
11 27 78 85 106 156 248 268 307 570 772 952
16 10 39 57 116 239 320 339 470 542 553 564 583 922 849 958 904
10 77 129 133 225 299 569 734 794 902 703
8 223 256 407 420 509 722 776 718
5 146 244 513 541 802
14 75 292 332 494 500 578 584 829 872 690 894 798 751 818
5 0 175 178 265 295
11 90 196 304 350 375 399 451 579 756 887 979
12 46 361 561 581 590 597 859 771 707 868 973 813
15 69 127 157 271 409 518 520 527 534 810 803 957 991 792 907
10 74 75 154 215 221 349 571 869 932 824
7 75 613 630 924 930 853 943
8 55 265 581 586 644 877 908 913
15 195 196 269 330 337 408 421 436 473 494 564 660 982 733 709
9 47 234 346 435 541 945 750 741 690
10 173 220 344 407 415 447 484 492 941 729
14 2 45 49 50 56 129 131 182 340 380 404 442 658 915
7 298 506 564 575 651 659 826
12 35 58 108 349 435 472 531 604 631 732 845 792
5 188 192 496 515 721
7 51 234 315 368 563 623 709
11 79 127 219 235 278 315 378 487 640 989 937
13 67 77 132 228 235 272 516 570 641 921 928 823 979
9 26 111 142 249 429 529 563 696 886
15 1 18 103 117 286 291 313 352 455 476 487 849 739 745 976
7 6 107 137 425 577 758 943
5 296 513 557 627 758
7 1 37 65 70 173 305 362
9 48 109 179 353 927 957 726 873 800
7 89 99 181 295 498 666 675
11 134 285 307 377 417 481 609 730 933 737 712
13 97 100 102 155 165 214 223 335 815 879 972 978 880
5 449 483 582 586 942
11 74 78 218 242 359 546 635 980 785 825 786
11 30 116 181 239 398 474 513 530 921 854 762
15 109 190 213 261 302 336 392 440 448 589 599 684 977 893 847
14 15 145 151 156 193 287 300 495 541 654 941 859 983 978
10 132 159 188 351 778 874 973 742 902 820
12 27 41 61 81 344 540 574 858 865 731 944 877
8 115 189 222 357 467 953 887 816
10 49 62 256 272 497 589 910 761 850 782
12 239 269 492 567 588 801 890 922 802 952 986 921
13 243 246 305 306 380 420 488 663 836 818 876 896 976
8 95 155 275 357 390 576 649 785
6 27 36 211 641 819 948
9 20 90 262 313 600 723 962 717 787
7 57 118 200 521 669 919 821
5 53 60 252 622 833
9 44 96 106 237 340 522 674 681 798
8 138 242 243 264 372 460 540 987
6 5 185 282 307 443 921
11 121 162 232 334 448 473 537 638 691 732 919
6 85 240 609 798 735 852
6 303 363 538 568 866 908
16 30 140 172 209 223 256 305 578 622 659 999 723 820 831 772 728
11 18 52 71 72 229 536 659 793 910 975 827
15 2 76 99 158 171 241 283 390 461 656 706 767 922 736 771
16 16 52 64 94 107 164 206 248 437 515 534 553 664 829 986 787
7 19 94 946 777 753 804 878
16 100 486 498 501 546 555 579 620 644 649 752 832 883 825 780 900
13 28 147 148 211 217 431 556 637 680 727 731 981 885
14 1 27 135 142 192 276 317 365 397 435 553 569 617 664
4 61 645 706 715
5 86 151 425 757 930
7 87 357 594 600 810 931 947
13 88 115 258 339 399 439 518 530 615 689 776 791 995
9 167 245 420 605 626 721 821 840 881
13 37 75 130 162 192 370 416 546 715 758 858 920 939
9 255 293 406 528 676 843 912 887 864
14 57 69 134 213 237 249 369 505 510 631 647 691 955 946
9 68 273 372 401 538 585 699 721 734
11 291 527 531 568 587 620 645 679 712 834 932
8 17 141 213 331 336 409 674 742
13 295 353 364 367 413 549 591 647 655 663 731 892 910
12 24 54 62 140 268 291 415 429 472 498 713 845
12 22 88 110 113 201 312 314 336 494 717 997 763
13 12 14 71 132 403 408 415 466 486 565 691 933 834
10 87 224 369 384 404 583 651 936 894 908
12 13 92 200 295 395 430 494 685 957 970 983 901
7 233 285 308 444 602 916 807
13 15 22 57 76 210 259 342 471 604 675 908 954 748
14 233 401 433 451 544 570 698 733 859 784 880 774 967 864
8 276 302 437 547 612 639 959 890
7 53 306 334 340 386 911 878
13 2 71 121 167 199 224 465 614 634 685 930 771 899
11 180 296 309 416 419 527 542 620 660 965 962
10 35 52 80 161 236 286 294 484 592 648
8 32 38 142 216 424 508 741 868
16 220 250 303 306 343 345 423 428 442 451 452 477 515 907 987 812
10 138 253 554 595 675 934 854 894 823 775
11 216 249 265 492 539 617 622 623 666 866 778
13 56 117 164 295 410 462 547 606 623 632 720 958 881
15 83 144 236 253 393 424 453 484 565 615 621 719 947 901 886
9 65 191 225 418 446 480 969 998 979
12 103 292 310 440 455 485 553 658 793 957 864 971
10 64 103 124 291 441 611 652 668 782 972
8 30 135 232 257 275 620 724 850
15 61 139 282 372 402 576 686 687 728 846 790 905 859 934 944
13 25 40 41 197 219 355 447 483 960 930 763 986 935
7 76 160 524 618 832 789 984
6 117 391 557 701 853 942
10 88 133 357 360 525 565 619 695 835 784
7 258 316 424 736 759 884 805
12 56 109 117 123 205 456 482 660 810 968 796 766
5 57 305 307 530 652
15 19 65 159 270 342 435 479 499 542 612 628 764 883 866 937
12 20 216 533 557 717 948 889 811 935 792 951 919
7 102 164 255 362 606 827 898
5 33 523 565 773 912
11 27 32 47 106 337 387 534 554 574 794 816
9 412 427 563 669 717 745 927 921 855
7 53 337 558 661 715 993 810
9 4 308 769 993 866 776 929 786 883
8 14 74 357 464 513 634 742 786
7 125 191 206 296 542 609 750
12 10 11 67 160 203 216 240 299 664 726 773 952
5 291 420 546 646 719
9 80 487 564 645 698 751 902 823 851
11 27 138 286 301 340 442 503 925 978 801 807
7 291 314 578 720 820 796 915
9 13 106 182 220 253 277 392 480 832
16 118 150 197 249 280 333 467 488 528 556 566 600 632 701 756 878
9 67 113 154 205 270 288 659 910 899
6 271 525 742 762 890 880
7 24 225 437 465 466 694 704
8 103 287 347 394 402 694 773 774
10 159 365 498 622 624 648 706 718 810 888
12 5 42 48 304 322 375 382 435 464 467 995 986
8 77 104 198 335 368 760 830 795
10 172 202 385 432 480 503 576 758 992 820
16 3 39 62 69 99 159 260 420 503 620 726 982 830 918 827 955
13 140 241 321 440 522 555 604 670 679 767 838 841 867
9 21 41 73 433 568 716 755 892 843
18 18 91 101 104 137 198 199 222 295 341 346 379 608 663 770 885 866 854
8 37 38 124 139 354 454 556 789
6 79 120 207 301 764 780
6 160 322 360 441 843 953
10 207 214 278 293 666 709 713 966 881 864
6 150 173 354 465 542 817
9 117 297 468 484 603 638 641 689 873
5 203 316 323 702 779
11 66 109 156 270 313 337 665 702 893 860 945
12 9 26 55 89 448 638 646 670 872 841 824 843
12 85 110 174 400 446 484 560 589 644 719 914 831
8 154 261 341 375 406 477 576 763
12 7 187 262 371 391 472 499 589 608 631 640 964
11 22 47 235 378 402 444 589 602 740 779 891
6 290 364 372 413 424 472
6 34 141 434 493 552 619
14 63 78 183 282 422 560 634 648 670 725 764 772 787 876
9 75 158 303 331 356 501 767 968 912
8 15 23 114 651 749 956 896 855
14 14 97 161 168 184 252 324 379 403 494 546 569 669 816
11 36 302 311 343 360 448 521 542 578 597 998
12 32 87 162 208 250 260 311 325 365 432 635 692
10 12 155 271 279 321 435 463 700 770 813
10 212 419 438 443 465 488 616 799 861 961
10 161 211 337 420 496 585 666 703 882 937
7 23 74 269 440 537 705 874
9 38 284 529 698 715 780 790 986 991
12 27 146 364 397 526 612 707 727 855 993 824 914
6 72 79 135 348 513 930
8 20 123 291 646 683 750 778 957
7 8 214 267 302 671 803 821
10 124 150 421 444 537 553 642 694 720 996
10 39 157 210 345 377 474 489 519 678 918
9 66 297 499 615 644 716 768 791 918
9 120 236 258 420 471 522 535 646 979
7 61 84 600 666 718 935 990
15 55 63 276 339 355 411 426 478 621 789 791 895 998 999 915
11 74 220 230 272 535 660 715 804 855 940 947
7 133 361 530 720 760 781 922
6 36 128 136 157 373 708
11 35 62 545 599 660 732 737 919 923 889 859
12 188 204 214 263 385 440 475 590 762 879 897 840
11 86 127 202 323 358 399 447 504 527 586 703
9 250 325 328 350 369 463 551 973 850
10 181 244 337 482 509 627 648 792 858 917
7 122 189 350 370 614 973 987
16 14 22 54 207 218 231 248 317 391 489 616 650 727 835 951 965
8 234 324 409 467 568 792 803 906
9 83 132 315 351 488 495 499 592 655
9 2 54 124 478 729 793 797 803 890
5 193 355 468 526 911
6 37 229 234 388 679 735
10 289 332 486 497 576 607 653 758 975 918
5 38 94 164 696 923
9 17 86 131 183 225 465 613 648 986
10 39 95 250 319 337 425 553 662 685 959
13 20 38 106 145 154 287 288 502 553 701 757 837 868
10 2 20 143 145 385 458 525 582 778 852
14 7 36 38 169 303 309 351 425 498 569 575 713 851 995
13 102 110 421 445 502 528 578 672 761 922 937 966 982
10 87 173 266 342 695 750 794 898 974 913
9 95 383 444 493 587 771 812 821 831
10 98 171 280 383 431 446 452 470 991 913
6 111 247 300 405 648 885
13 129 243 313 410 434 529 584 597 699 728 838 927 899
9 56 523 624 640 669 697 742 758 834
9 10 61 72 202 248 382 802 908 937
10 81 164 403 563 613 640 648 817 996 925
4 167 317 458 534
6 75 187 220 336 529 881
8 507 536 619 620 729 742 755 798
9 71 134 214 404 477 552 558 643 699
14 97 162 190 214 374 469 610 626 714 751 766 773 794 917
10 47 51 128 196 250 420 792 892 927 886
16 59 106 213 215 233 338 393 404 603 669 748 850 890 995 907 887
5 200 313 580 591 671
7 72 101 197 517 521 538 972
5 152 222 287 468 495
8 33 109 185 293 592 666 803 947
8 59 100 329 453 689 800 890 956
8 238 268 402 464 698 819 965 990
6 128 231 524 546 612 913
9 19 214 273 339 426 543 703 810 933
15 70 86 128 265 277 365 375 383 501 527 551 673 699 936 954
7 104 376 478 634 719 744 782
14 4 165 166 190 386 396 490 570 617 692 835 947 942 962
14 21 32 166 192 231 384 433 528 692 742 784 905 940 954
9 183 418 620 727 752 798 863 886 909
12 22 228 428 434 562 655 818 959 953 957 884 986
11 103 155 171 190 241 358 441 720 766 773 904
13 31 90 143 212 443 471 763 882 928 955 992 994 947
9 258 264 539 563 648 721 794 857 955
11 50 67 229 283 546 589 684 753 867 881 978
13 44 54 153 317 318 412 413 522 668 700 729 868 919
5 49 121 267 787 925
13 25 122 133 288 424 452 498 500 557 641 767 834 904
17 74 113 156 196 416 436 453 702 743 784 843 868 873 963 973 901 892
8 57 143 152 180 480 807 940 972
11 113 164 172 351 441 454 734 793 867 890 980
14 2 8 83 120 195 210 337 348 409 434 528 651 696 802
10 6 161 331 351 379 389 493 666 738 750
10 236 314 335 416 459 609 830 925 929 931
15 9 81 218 229 260 508 647 703 812 917 976 920 914 948 905
7 186 386 499 517 610 620 835
15 72 90 142 251 266 512 578 768 854 970 929 939 961 956 930
13 131 325 335 373 376 413 434 547 636 745 783 858 966
4 229 439 644 720
12 9 217 466 467 468 472 520 583 594 739 753 890
15 40 42 126 190 213 251 252 478 573 646 663 698 778 993 938
10 76 229 352 426 436 478 518 620 984 915
12 110 185 394 430 437 611 654 662 883 889 997 996
15 12 55 224 376 411 445 514 515 534 573 631 758 880 896 920
17 51 105 111 189 229 345 363 389 436 472 514 560 614 637 644 841 980
13 61 201 258 304 311 504 581 670 749 868 999 988 975
15 7 26 131 180 323 634 640 655 673 714 738 741 860 986 917
10 260 330 420 484 502 513 575 881 931 914
12 9 93 97 166 169 253 364 383 701 716 734 783
6 40 368 396 606 744 844
8 87 186 216 464 729 769 811 981
10 34 112 431 482 501 673 854 856 875 989
7 125 235 607 804 821 896 909
17 21 46 137 188 189 214 252 380 392 407 470 482 550 677 780 830 903
5 92 222 261 438 740
10 144 284 306 314 345 838 866 896 908 927
13 96 158 272 290 342 369 472 791 826 827 846 958 982
14 47 138 149 343 371 436 488 523 655 707 712 767 834 887
12 16 115 120 180 222 226 265 347 528 728 896 905
10 122 133 354 362 399 683 695 702 711 771
10 410 437 450 456 462 662 702 717 832 853
6 178 297 399 483 834 847
6 218 337 395 672 934 990
12 8 65 100 107 160 192 508 779 861 888 895 935
5 212 307 464 574 645
12 17 75 140 214 442 515 689 771 858 867 917 988
8 142 299 351 400 493 538 683 884
12 66 133 147 198 280 340 419 518 600 773 895 898
14 92 126 192 477 533 597 672 724 745 759 822 898 939 971
12 17 114 161 326 354 374 526 614 637 725 895 909
8 79 104 349 398 590 611 671 732
8 265 398 412 517 533 691 737 876
5 37 750 758 924 937
12 113 266 295 450 456 462 521 574 759 767 829 925
4 145 457 738 877
17 102 126 212 235 381 473 487 550 608 618 624 682 766 818 853 860 934
6 65 89 352 548 636 902
10 118 123 323 524 728 898 930 986 987 975
10 2 11 175 188 199 288 348 831 880 891
8 259 292 573 590 676 697 993 960
8 346 425 479 597 627 693 761 879
12 46 310 322 479 498 534 539 612 655 672 686 960
6 134 141 264 519 699 758
12 45 197 214 329 384 434 489 563 591 653 675 802
11 10 307 337 490 500 535 553 660 719 730 999
11 0 113 278 465 725 753 831 872 879 884 998
10 17 201 227 256 427 590 705 767 896 969
9 124 351 371 390 430 472 599 648 997
9 42 92 105 109 463 598 619 960 966
7 273 280 362 518 582 767 840
9 163 216 363 364 387 610 661 702 776
9 151 334 371 435 486 517 700 797 882
15 86 102 182 211 279 354 428 429 488 603 642 741 877 880 984
9 42 338 382 481 649 730 791 884 885
9 4 153 256 476 496 542 812 873 898
12 117 148 162 370 438 613 670 689 739 755 823 882
13 43 46 67 219 243 260 306 487 542 662 752 918 995
7 29 214 444 655 743 849 882
14 81 99 319 333 363 382 424 433 514 526 759 941 943 950
9 15 123 300 373 402 513 630 817 898
10 58 119 241 389 464 644 653 706 746 879
6 45 70 119 286 366 890
11 95 134 204 355 482 598 806 987 986 967 994
9 48 257 375 403 746 840 874 966 976
12 87 303 404 492 545 640 798 853 899 950 965 985
8 231 266 411 431 481 506 742 964
8 83 293 328 434 466 504 764 811
18 17 195 225 318 376 402 423 437 448 469 494 558 581 599 634 651 754 948
7 28 71 285 323 561 739 898
8 31 60 83 358 574 597 755 930
10 90 174 247 271 335 479 692 756 870 891
14 16 112 166 437 459 519 545 567 576 669 698 837 839 890
2 475 854
12 176 245 370 425 531 616 640 653 716 846 907 939
16 152 323 340 366 396 408 438 489 500 540 559 585 685 703 896 965
8 27 183 212 274 414 468 657 696
13 11 253 306 344 355 412 483 529 601 692 697 779 886
8 13 38 174 301 668 683 754 828
14 76 85 122 210 216 265 271 394 433 463 694 892 906 991
11 4 50 192 297 326 481 499 534 568 721 912
10 142 208 231 471 605 645 674 791 853 918
11 139 263 411 443 526 558 576 612 634 697 739
12 138 159 178 223 232 262 345 373 425 760 903 954
9 45 122 177 201 255 380 612 658 966
12 202 430 702 718 759 788 820 848 882 908 939 964
8 106 373 660 710 749 839 939 964
10 49 127 136 184 227 340 437 615 907 927
11 9 42 74 92 120 299 314 319 487 682 913
14 44 60 118 126 315 357 474 480 595 615 829 874 924 998
8 143 165 189 670 820 856 980 997
9 16 52 115 309 377 514 660 790 884
12 10 65 121 142 206 354 378 772 773 821 902 941
11 128 210 212 253 319 441 506 613 660 884 964
10 196 252 291 316 471 726 788 852 868 958
11 53 96 115 144 304 411 483 539 825 861 904
12 35 238 358 472 495 510 603 639 736 904 949 991
10 12 26 201 394 570 754 814 830 947 990
14 81 88 103 177 239 400 431 460 630 658 715 830 907 946
